1229602195626250242
1229347084043726849
1227311880793968640
1226594272201367552
1229451458220785669
1229557146955722752
1229505564847198208
1229363364414935040
1229617294663438345
1228377850732044289
1229429542823088128
1229461775889899521
1221952697026383872
1227286670854082560
1228961859484749824
1229458227273834498
1229444581420175362
1229411531613405187
1229450133521260545
1229560298119553024
1228721757210783744
1229587098145099776
1229481650024828928
1227757756213596160
1229180415476367372
1229477622087856128
1229296661534515200
1229240310376665089
1229496502407630848
1229460752534294528
1228477871292850178
1229526709881405450
1228352305021374464
1229320891537989633
1218630941188542465
1229556904164241408
1228152387849871360
1229498921757675522
1229607743016906752
1228378375485394945
1229517616999542784
1229546493163511809
1228722784462761984
1229313794502987776
1229555717734096898
1229424197702692864
1229435322771136513
1229613381708992512
1227442202558615552
1229179530511650816
1229554355600125952
1229536437571178497
1229516254567858181
1227089079814295552
1227878529267666944
1229472556102684672
1227924021204922368
1228095921201635328
1229111421482389504
1229443252425822216
1229436892250300418
1228651259089051648
1229473133452763139
1220373140016107521
1228751111366021120
1228748488390971393
1225532156887343105
1226934865024688130
1229009372732444672
1229103151514517505
1229109849750851585
1224392105277059072
1226510246224564225
1229488184632856576
1226645704149434369
1227266155682902017
1228358297624903686
1226936502464253952
1229204922501079042
1229438217612480513
1229414791283924993
1228461137047543809
1223593852239523841
1229518877949865985
1229496236060708864
1227277136253374467
1229465866913419269
1229497288470515713
1227275490714583044
1229076721539764229
1227081238915276800
1229519686943039495
1229420456266076160
1228335731250286592
1229307005271191552
1228266638866337793
1229455970771668993
1226947516677214209
1223393223432794112
1229548843672449025
1229388560870014976
1229405160977264640
1227590283132624896
1229465535118815234
1229503146512257031
1214344189011513348
1228348727313784835
1229369538963263490
1222567963959734272
1229496839705104390
1229501455398326272
1223216116312551426
1229499292836139008
1226137345814126592
1229494218109997062
1229150721230004224
1229410032590172160
1229419729095315456
1229036228126937093
1229205692894076929
1229388582340694021
1229205355651092481
1229204959281000449
1221738973367848973
1229180627632762880
1229443684317442051
1228640847224242176
1229409047465558018
1228136911878803456
1229223978700402688
1229107720122458114
1229506194147905536
1229388127745253384
1229462454654160896
1229118374585741315
1229473300700680192
1229531382214483969
1229347143376363520
1229573043527114753
1229409808970731520
1229477025494249472
1229447214730219521
1229524764789702656
1229450438992285696
1229449796202762240
1229521307978682371
1228935165386248192
1227594012934254594
1228015986516856835
1227395046003134470
1229511900993474560
1229534008188510209
1229610256189329409
1229252916869029888
1228398641787871232
1228914368693202945
1229605782104268800
1229387443696259079
1229525683396907009
1229500954652946434
1229626086339694592
1229428467789389825
1229627255975890950
1229324604935507968
1227218961793572864
1229553374439317505
1229628627643441152
1229483515831607299
1229541098764341249
1229103914122870784
1227976460016615426
1229588038952480769
1229510166875398144
1228291491799289856
1229591649514377222
1229442160681979905
1229494235981844480
1229496847388966913
1229597107608268800
1227972631003090944
1229587922896203777
1229539240717037568
1229450535314563072
1229402355420090368
1229498944050335746
1229375183795998723
1228031426035093505
1228208990061907968
1227200612099612672
1229521865800065025
1229530995604574209
1228401855350243328
1227171055145324545
1229623207537168386
1229499012983803910
1229458594929704961
1229499309915361280
1228379916820996096
1229194811434913792
1227245907822825473
1229469025207488513
1229458518719156230
1229557837489152001
1229577394777993217
1229369564695150592
1229537182416850944
1229456176267567106
1229594817312608257
1229601526123028481
1229469580885622785
1229611216672362496
1229501546955759617
1229498927952650245
1229481429479968769
1229301553531457542
1229536890329673729
1229393495426764801
1229407992124145664
1220056693658341377
1224086378788597760
1229422490134491141
1228388606227746819
1229481499608731649
1229516599012577282
1228518649343827968
1229452009755025408
1229163819626352641
1229506528123572224
1229617965269573632
1229323749100486656
1228920597272387585
1229450718299533312
1229405964723523588
1078759748781121536
1229599303016030208
1227185847319121922
1225769386406969344
1224046908395618304
1224764634193911808
1222284899941412865
1225770203981676544
1229404515780169729
1229382565271875586
1225750961924247552
1229467322890350592
1225766178737528840
1229450904434245633
1227867001546256384
1228952221972299781
1227879345194180610
1225767503508492288
1228256901315559425
1227200610803601409
1229291889498689538
1221990566868553729
1228635062905622528
1229553040002342913
1229499650819993600
1229404360351682560
1229578931365220352
1228475286129389568
1229200309949329413
1226602659672662017
1229238344166539269
1229358186324316161
1229582704762609669
1229407083650437120
1229449777349263367
1229525341191987202
1229540542595452928
1229586012604489729
1229491352838328322
1229580118600888321
1201985653505957889
1229359839689621504
1229308106552692736
1229607738906333184
1229562734590611456
1229524856686989312
1229517321539969024
1229440858266710020
1228246074529341440
1229468302063194115
1228218851814330368
1218004449148329984
1229513979455791105
1223609407281541121
1229631702953160704
1229284007260479488
1214234006478180359
1228626304775458816
1229336940165513217
1227603623498199042
1229468281108672515
1226770273770311680
1229432038819815429
1229287574587486210
1229423895385694208
1229587868236034053
1229531578289680384
1229456919708012547
1229542665277988864
1228448886441771009
1229632203790831616
1229499409152512000
1229334289017442304
1229404657421897728
1229378056998936582
1228801131679244288
1229534482723561473
1229474176773148673
1229579917484011522
1228783787808452608
1229588558492684293
1229631178384269313
1229465040518029315
1229529836055597057
1228420226024239104
1229407865229672450
1229560568685699073
1229085480148320256
1229031018126086144
1229476687370473472
1229591578278277122
1229330574419972096
1229423688350437379
1229324876172779520
1229291718773575681
1228096395267100672
1229608059992854529
1229431048422948864
1229560447541686273
1229322110813851649
1228662423411994625
1229357816567205888
1223419233490669568
1229360239276785664
1227298515732357120
1228804292469035008
1228079692466421760
1228599635326963712
1229566132371116033
1228015982125502469
1228725910712602626
1228319988743720960
1229451461299515392
1227583852266295296
1229573453977702400
1229364633426956288
1229480670784827393
1229477098965700608
1229481917843677186
1228383783822352384
1229084288282513408
1228318139093528576
1227276409917276163
1229115477588353026
1229103602716643333
1228667736529620992
1228963771386748928
1226825548783112192
1227020473017327616
1229638311322562562
1229520455201165314
1229357217557577738
1229626900877889536
1229458609337028609
1229237062030823424
1229634901701472256
1229477330956865536
1229618657434599425
1229429039779254272
1229505571151282178
1229539049955889152
1229421308431212545
1226910002507419648
1229529565753683968
1225001931191529472
1228923662260146176
1229587231414898690
1228713269940178944
1228891304353923077
1228884992320835584
1227943879569281024
1229621264580399104
1183548997576736769
1229375230990331905
1228356403162763264
1202716818927996928
1229478709951746050
1229405574972002304
1229445972939476995
1229483227276103681
1229165409254854657
1229529350195773443
1229468419822702593
1229557129901682689
1229639177647640576
1228507456189452290
1229476102202175501
1213705800029392897
1229532812010803200
1229211469134409728
1229513919992975360
1229636398178852865
1229416809381736450
1229524683839725571
1213762724175335424
1229428608906608642
1229299540483858432
1229374702101004288
1226296712886706176
1226155478016831488
1229643144670564352
1228646741190291461
1229357819796840450
1229427750362132481
1229261578555527168
1229474335896694784
1228753397546811393
1228965151971401729
1229402184535674885
1228487027168968704
1217733958491754496
1209060478598516737
1226083344691204097
1222165256174292993
1220407002586681344
1229420877697122304
1228002062790729728
1229616933173178369
1229139857408049152
1229473084131987456
1229543815008149505
1229549944450605057
1229642447824646144
1229191125547855874
1229431972360884225
1223690823008772096
1229421775383076864
1229322813170950144
1229423618418978818
1229421178059739136
1229339335268368385
1229616142295191553
1229642238491123713
1229529965521031169
1229448581939109889
1228331885765578752
1228378306707369986
1222463130737029120
1229458758901780480
1227974429902299137
1228757945636327424
1227790004476399616
1228789537196908547
1229431985807990786
1216911507616866311
1229429954951073793
1229603338733309953
1229407429391196160
1229194740823781376
1229566476643950593
1229529139872399366
1229600832133500928
1229454163232337921
1229523304769294340
1229513074425630721
1229474213628694531
1228558224439304193
1227706978941775873
1229386083609255936
1229637380950413313
1229506323609522182
1228749401952280576
1229390172124598275
1229325745329246208
1228832134338617344
1227322585567965184
1229396472975618049
1229422413257084930
1229495259954061313
1229457439591976960
1228750739327066112
1228779009959268352
1227881886900465664
1228204819728351240
1229360155520880648
1229335879769972736
1229453020942876673
1228606669166465024
1229069807242403840
1223710929587621888
1229407167968694273
1205759327262388224
1228363499388243968
1108972302438301701
1228435950537232385
1228017113794842624
1227304588556062724
1229306078988505088
1097043061073420293
1229052015264718848
1229402985345634306
1229413687837872129
1229473191971692545
1229508672348401669
1229331887253884928
1227491311374045184
1229435069913346051
1229510479963357185
1229410092912480257
1229515865214709760
1229648578764627968
1229048105015836672
1228559597989965825
1229630655035777025
1229456022814822400
1229480273332572162
1222928292354887684
1229082780753108992
1229370248924667905
1228417207245213701
1229596414092558336
1229394238581956611
1229335558737911808
1229329695042363397
1227522134202896384
1226943920312967172
1212406121631105025
1229037427345330176
1229451167429799936
1227358673569107968
1229428154114154498
1229647720425672705
1229371851899654146
1229631173883764736
1229487329372463104
1229071806344110080
1229428959630282752
1225194304676737031
1229647203095830529
1229410851284606981
1229421526346108930
1229626536774467584
1229310640214487041
1229420530811297793
1228564826110099456
1228503844147146753
1229147050979229696
1227837517224824832
1229430101684760578
1229448971829026817
1228984002834362368
1222365975909208065
1229444601087266821
1229505369455591424
1229482425903800321
1229580404782292992
1229313102333693952
1229113303063912448
1228493925406646273
1229580884149440513
1226963360366911493
1229517055927320582
1229474805147209729
1229481640310820867
1229525611128836096
1229497151857680384
1229490441416036352
1229639640304386048
1229461723729391616
1229464315285123079
1228741777903030273
1228446343150100486
1192276239798718464
1228515023728914432
1229523339351379973
1229445454879973376
1229177334768394240
1229062829275258887
1229540455664087040
1229642040524201984
1216737225398013952
1166417262229762049
1201501274086289408
1227917212528336902
1228378560177541120
1229318088706801670
1229619154992254976
1229393430100480000
1226335442334732288
1229610716899864576
1227956951985905665
1229418009459970050
1229544950439784448
1229569243269804037
1229615086265753602
1229599002636644352
1228770180345614337
1229650387319214081
1229442994396442624
1228338823286919168
1229466669090844674
1229616441319661569
1171060718445170688
1176135590842159104
1199674166968029189
1200459520247574529
1227593957208662016
1229417174470733824
1228871654413144064
1228372738362028040
1226393019030679552
1228821905043599367
1229448891252211712
1228877162939326464
1227301937160359936
1228401113940054016
1229482042003509248
1221496251381927937
1229601224464334848
1221223022381731841
1229398572220571650
1229531966808174592
1229546160911765505
1229418928272621573
1229611032642977794
1229456563808735233
1229351560225882112
1228349102951403520
1229450182414102528
1226963884990488576
1215757858987442183
1229204477309280256
1229433166240374785
1229055692482469889
1229370345783775232
1229559405072482304
1229372785287483392
1229653494744920064
1229372449101213696
1229417850051362816
1219930428171259904
1229416460214206464
1229415461697269760
1229410198399438848
1229509549930971137
1228568651193880576
1229483666004414464
1229342947671527424
1229323802376425472
1227756389596041217
1228316680289497088
1229655556803235846
1226827913250689024
1228787819113582593
1228748577138249728
1229432374687141889
1229102818168070145
1229379660573822976
1228378890663538688
1228342664262750208
1227967756223553537
1225568148381782016
1229349031907860481
1229001319907823617
1229333598836330496
1228242565989904384
1213256550439014400
1214945554498605057
1227558400378040324
1227560919233777664
1227046390259339264
1228525928709599232
1154039161596207106
1229641570292420608
1229391686738087936
1227270008235053056
1229576108200386567
1229524026831314944
1229408240921927680
1218155241595637760
1227631206809919488
1229466843410239488
1229487994920456192
1229507629267013633
1227260114308083712
1226679895033622529
1229409907784417280
1229386261305200648
1229482661053206528
1229580428530470912
1225719084181905410
1228263164632031232
1209942784553242628
1227721936651923460
1229493003473039361
1229081770160721923
1229559720794611714
1229390730789105664
1229029699885686785
1229390489973067776
1229549431319617536
1228638778002149377
1229517255383240704
1229559421304524800
1229630614317473792
1227866066145226753
1228349237680844801
1225833798908219395
1228692450073554945
1229368418631143425
1229552516913881094
1229123164837498880
1228862409835548672
1229208508446519299
1214577513852129280
1229245840155435010
1229555657357111305
1229247058353283073
1228306908110630912
1229442776669941760
1229519572207882240
1229564979637964802
1229390481945235456
1229200213568520194
1229525185767800833
1229443176433430536
1229338349690933249
1228683123107430401
1229065837086113792
1226907447136223232
1228652878082035712
1225832368600207363
1224737983980613633
1229497723793158146
1229359790226378752
1229559252160860164
1229364875324870658
1229593740081336320
1229046226848550913
1229435716683403272
1229515462788165633
1226861315928408065
1229070460194713600
1229622169547628545
1228353156733640707
1229588519544336385
1223786539131506689
1229484896567074816
1229596809850314752
1229562465232486400
1229300574610509824
1229546744821751808
1228689250142441472
1229316756193210368
1229478539931549703
1229609862528503809
1229287166917795840
1229398233752846336
1229581514083426305
1229536090857623553
1226856745529532418
1229644283801550850
1229385525313720322
1228302797495554048
1229641581998690304
1229053821441257477
1229381460882149377
1229052310304755718
1229514493845286916
1228665515645775872
1224800084795318276
1229395410231291905
1228363525195796480
1229423299408650245
1229374937409785857
1229390694805950466
1229495152080715783
1229333923509014529
1229146555862659074
1225354347950886912
1225807445844529157
1225041478419914752
1222247975201792006
1229315968855420928
1224647325118844933
1221497267821170689
1229559199778189313
1228333409472303105
1229603399768764416
1226260397654601728
1229512015263272961
1229261710323834880
1229421816491298818
1225008602768986113
1227315055282270209
1221087397955493888
1225706012931432449
1225882646749876225
1223681274705076224
1226217771501051904
1227408651121356800
1229625899013640193
1229042749854429186
1229621297832976384
1225809222186807296
1229480698429480961
1229549132915904512
1229451027205758979
1229648118528069632
1228217464107876354
1229439483482923010
1229120789041045504
1228933691918946305
1229549577293840384
1229403688680058880
1229497753677549568
1229619782858637312
1229420734042210307
1229323222442741762
1229631268838494208
1229629706518925313
1229432938564997120
1229531458408079362
1229231185911435265
1229012119602876416
1229628047218757632
1229147986946658310
1229461662622797825
1229523934124445697
1229565981900595201
1229594407298457600
1229561748245471234
1229549272812654592
1229621869327732738
1229644090272174080
1228684756105089024
1229586727213424641
1229668957990162435
1229510858826551296
1229578851803594752
1229643629771284481
1227323237597696001
1229233034190315521
1229506618762678274
1229592844257517568
1228370820646330368
1229473083599261696
1229377891525414919
1229000207884414982
1229521524538908672
1229540813614411776
1229568147348426753
1229150551947956224
1229373408552652800
1229360124138909696
1224694510178967553
1229654277284560901
1229384738927992836
1229611789115154432
1226936487096340480
1228394751306665986
1228359742772436997
1227165510569250816
1228287773716561920
1227248086474424320
1229613746336780288
1229410827926568961
1228337874489180165
1229629067432882176
1229632483450245121
1229465067558752256
1229450943403610112
1229651992395624449
1229661936427642885
1227605249579454464
1229143311790768128
1229384367186874368
1229659272813957120
1226874617211609089
1224343063100895236
1229473206312022019
1229525267158315008
1229488897316573185
1229571232338595840
1229473396578189312
1229670584923164672
1228706449938841600
1229043002439589888
1227689920510205954
1228351547903483909
1229079489839276032
1229462269496582144
1227205874554490880
1227316492653469696
1226840257435402245
1227262658837176320
1213860693692309505
1156941909069389824
1227342504388894722
1227872402110959616
1228375772987109377
1216916100811821059
1226084099229650944
1228854444957282304
1228327861892845568
1143426942953295878
1227230809171603456
1228453905522184193
1229441208776351744
1229453560900935681
1228345765099134976
1226262306448953345
1229319819243278337
1228796509862236160
1220002252909314049
1227487703819857920
1229160105960185858
1229026809389424642
1229055861492011008
1229157951039913985
1228722870588592128
1219654359643906048
1224382519350648834
1229535398872977411
1229467578323611651
1229615125079838720
1216466868019638275
1228684510780198912
1229101614365057024
1227472813981872128
1229427933875302402
1229562669616680960
1229635964785414145
1228723872045780992
1229103403273510912
1229360934700716032
1229631721332625410
1229119014141616130
1229601244492099584
1229599546277335042
1229578624975736833
1226529577201213440
1229645920935038978
1220084133248086021
1228032403232501761
1229329782116175872
1229483990144503808
1229509178718400513
1229463041160466433
1229373235525017600
1229661826826297344
1229428141883568133
1228692184913805312
1228299852817326081
1228688971762266112
1228273957666795520
1229332715587149824
1227894870594838528
1229639177895063554
1229381184934809601
1228651207478140930
1229662401798299650
1227005073475108864
1227717093468102663
1228624800618123264
1225018856760074240
1228692284948074496
1225391032621096961
1228644837894840320
1229145692423282690
1228869354340507648
1229073077868417024
1229433235253235712
1229184641149501440
1229585328198938627
1223117295376953344
1229496972383543296
1229389817005297666
1228402947463274498
1229465879437463552
1229595176839999489
1229563117421629441
1229434100982800384
1229546246278467585
1225178999208456193
1229610363626221568
1229460608262733826
1229437710835814401
1229422035706744832
1228557105294016512
1229641749066158080
1229014180092678146
1229138527931314179
1229399656536461312
1229616014138040320
1229587321529327616
1229102177697718272
1229437546695884800
1229249722159857669
1229580071104438272
1229538252077576192
1229448161418186752
1228308424523485185
1228348536112197634
1228389950426472448
1225047133990150144
1225218711352594432
1218090613469523968
1227738117597208577
1228289317535088641
1229677030339379200
1229405231991136256
1229667212023099392
1229631840870268928
1229465549295554562
1229329891885187073
1229363122416365568
1229329639816024064
1228006448321396737
1096220183532732416
1223733420007686144
1229571236927164416
1229317672783007744
1228174554930921475
1228239325050982400
1229538641241919488
1228257473942913026
1229461004087681025
1225086682472599556
1228372592211496961
1228287778636492801
1229315384744009728
1229314925346086912
1228218324644818944
1229624156280573952
1229032578411323395
1227630383514124289
1227598732050518017
1228355654873763842
1227172897669763076
1227983976012419078
1227539796983271425
1228016754540019713
1229074703123390464
1224981241252007936
1229168786797989895
1227184340699734016
1229683217944285185
1227646083007950848
1229427439203307520
1229583208708075520
1229612876278534145
1225105590440980486
1229527846596403200
1229445877153947650
1219862592312741888
1229196970117320704
1229586028173742080
1229312761378684928
1229394898656219136
1228709393673445378
1220042215600410629
1229525920744124416
1226968101624975361
1229490995215110144
1229569515295408128
1229015277800583168
1228012511556927489
1229601195372597248
1229394015935586307
1226968256172437509
1219302659833942017
1229375449727479809
1229356179870167040
1222905073803526146
1229412844468350978
1229681304213450753
1229322638604021760
1229612435033640961
1229616780240228352
1228814755411959808
1228293058246201344
1228349354550759426
1229675886443683840
1229344485907107847
1229453105730899968
1229495899681906690
1229460022280802305
1229586907518164992
1224112762600574976
1224878366446313473
1228091482491564034
1228746977988562944
1229571471892197376
1229601437245509638
1229571234620264449
1229186991931219968
1229432148425428994
1229500021479018503
1227259031288340480
1228282811855011841
1227412769781297154
1229007283092426752
1227587387443859457
1229312866664243203
1228683785010466816
1229345369600872448
1229619269475848192
1224923014913044480
1229660196433059840
1229555968872046593
1225763265185107968
1229148497053507584
1229572664425091072
1229638570727501824
1229428734417129473
1229591060931678208
1229582918210613248
1224998373545017344
1229501477753720832
1229399944362102785
1229544956311875584
1229356283180048386
1229580459727675392
1229395984423190529
1229657000889417728
1229435643752800257
1229376508713734144
1229592561234243584
1228793076786909191
1229664785484009472
1229118287629475845
1229673236499054592
1228815624408715264
1228862316327948288
1229684666321526784
1229097558267629570
1228794251200217088
1226377719677476866
1229143633145868288
1228787793494781953
1226899077243097088
1229483092097880065
1219229706639200258
1229331718240378880
1227793873239494656
1227475674467905536
1229574948588384256
1226173708898840580
1228643763255250945
1228346083199373314
1229432766598565890
1229632642514993157
1229343962860666882
1229416501280509952
1229382006498189312
1229450210784555019
1228491877478883328
1216851952795033600
1228280408363675649
1224995046182834176
1228275454173421568
1229367387247517696
1228486843529711616
1229679048697106432
1228363925395329027
1228392488567820289
1229686656438956037
1227993446633365504
1229322730027114496
1229443429391851520
1229634900828966915
1229440381353418752
1229054514474340352
1229608229488992257
1227812358921146370
1229636977340772352
1229638721646944257
1229488589953785858
1229152812031975425
1227548173289369600
1228769577271730176
1229129350349455360
1226546527121879041
1213081765205561345
1228769223003996160
1229358487085301762
1229377726882209795
1229424871266037762
1229625183448621057
1229527305321697286
1229417061165584384
1229358531796561920
1228454659125280774
1229680129544089600
1229131622622081024
1229625795326275584
1222490730116964352
1229684435446050816
1213607781380395008
1229633511658668032
1229131863320670211
1229536281287446529
1229048580825944070
1229577901441503232
1229407328799092736
1229181532964868098
1229413717219037184
1228549663751573505
1228765091962724352
1229034678075580416
1229637692553490432
1228406838321975296
1228242474436448260
1216425642352185345
1229443721550323717
1220066802362998785
1229466792151502851
1229498092971532289
1229685314203136000
1224722155642007552
1229580625004388352
1226808190752501760
1220160064889217024
1229679221552930816
1229577330160369664
1229147696855805952
1229415553024057344
1229261339719159808
1229085224304336896
1229505717964427264
1229626538590556160
1229224101589475328
1229538154442625025
1228864449865379845
1229122652830302208
1229224471648595969
1229450828487983104
1229252104616845312
1228285346775011331
1228479827956514816
1229495205381988354
1229139580508442625
1228393634069909504
1228453992038064130
1229682320044625921
1229661846942232577
1229390947441504257
1227908563932270592
1229498403433984000
1227320821112352768
1227916134030217216
1227940986363502593
1228012929930403847
1225253540760817667
1229226870282997760
1226899519310352386
1229321460163973120
1228780880329691136
1229661887660482561
1225541573070540805
1227406782244327424
1229108683042246657
1227793201932537857
1229452084837265411
1229385934208028677
1229470054766522368
1227540890115334144
1229254731316383745
1229391209589878785
1229659712573956097
1229424326228791296
1229176671833640960
1229589801365430273
1229492085851471873
1229658370543685632
1229484653297459200
1229478637511929856
1229348751308881920
1229362460685107200
1228423668331450370
1221876222893924352
1228605743223443456
1229679738634919937
1226910309459382272
1229472315622252544
1226830701443633152
1229689851123052549
1229031603394867203
1229577673879371776
1228531691678908416
1229141029045010434
1228502268921597952
1229559441348972544
1229692098502385664
1229609577458622469
1229585845935435777
1227965423867564032
1229384005050654720
1227570604670246917
1229174451641581568
1224011908514304000
1229690290929270785
1229426552439328769
1229515450578604032
1228644287564451841
1225391610638274560
1229366134027276289
1229669697844432896
1229665931002929153
1229603616840810498
1217136309858230272
1227934226915438593
1229659546186080257
1228784198120615937
1229269288822935553
1229524031835189251
1229495481216258050
1227999573999747074
1229343426929451008
1229496330902482945
1229444434510667784
1228307185639313408
1228341903097200640
1228696817312968718
1229246570106957827
1226530981139636224
1229510610649522176
1228494573439246337
1229541573601480705
1228494676723814400
1229561286259855360
1229615590110892037
1229422169509318658
1229650964551856133
1228348564180434944
1229409684198690816
1227205160922832897
1229353574141960192
1227633240304955393
1228650465157476354
1229535532088164353
1229531389244190723
1227934760174899200
1229350887723687936
1229447757108170752
1226500012483309568
1228553149796904961
1229362800486686723
1224805330225229824
1229654277435641857
1229673279012519936
1229344906491158528
1227203375567118337
1229338243562213376
1228037604744015872
1229435365062250496
1228082022188494855
1228845059497324545
1227578101984399360
1229573099647127553
1228837471447810050
1227636092095959040
1215637804836892672
1228643131597508613
1229696891237081088
1229399955862949888
1229424762461405186
1229119794491928580
1229385779312377856
1229461764158480386
1229438484189859840
1228382899701010432
1229679640572153857
1229609390635802624
1226160820842831873
1229610177038409728
1229692559363993600
1229412658320941057
1229588570467266560
1228343525814788097
1228414349598789633
1229085008339570690
1229638366511222784
1229394803424665600
1229453454013108227
1229428570671517697
1229182791050461189
1228313970785820672
1229375843597598720
1229697195969933313
1229619312618377216
1229224495568654337
1229252820852830208
1224953881450307584
1228397902827020293
1229320752647659520
1215206985328517120
1229432555730063362
1227997102732644359
1222901107690627072
1229445267994402822
1226581523819880450
1228782549863948289
1227698895330955267
1229100593580511232
1222902728969469952
1218899229906616320
1229438755406274560
1229586400091070464
1229618216592433152
1229439100924682247
1228659267386789889
1228661086406070274
1228794892710744076
1227136582404018177
1229637949358301184
1229694609359396864
1228288050826031104
1229689977895735296
1229664330062422020
1228174523918209025
1227910473150074881
1229219803614924800
1219596818029391878
1229406523153092608
1229584577955426304
1216060761593663488
1229616409866452992
1229248546412515333
1229175774889959424
1229363332353675267
1221717839427620864
1229491719231746048
1229420606271062016
1229401017281732608
1229109685036474375
1222146755736694784
1226732402858266624
1224779019419373568
1229433153636401153
1228748373588619266
1229688422039724032
1225484565281746945
1228627654947037184
1219182769537998848
1229692028893548549
1229686518832402432
1229700152052584449
1224408776633176064
1229631735274582018
1229686254339379201
1215647970261196800
1229340073805729792
1228772410905763840
1212356637966635008
1228755914049626112
1226902420346810368
1229215130472202241
1229452594357030912
1227381803968630784
1229692054160265217
1222594760604434432
1229684805702279171
1227707304792985602
1229293750934888448
1229695883068882945
1228952731525636096
1229236682861490178
1221771125962747904
1229214978399322112
1228104047208603650
1229509295550672897
1227529620469104640
1227683995716136961
1229696575024267264
1229700305408802816
1228693532375863297
1228265746427531264
1229064351539175424
1229534264619868162
1229645095856553984
1229441709743861760
1229605822239408128
1229487916797374465
1229574607608270851
1218020428913864704
1229704591475957763
1223571205900337154
1229407044932784128
1228679119027736577
1228168267585318914
1226497643158867971
1228605556056674304
1227112801715380225
1229624103352487936
1229706256660779008
1229489710281699328
1229707481904898050
1229005360976908288
1228941395664101377
1229345739941134336
1229378351976079360
1229479324186746887
1229707153608445952
1229358824060047361
1226879961732009985
1229228318735552514
1229584892058468352
1226838387522490368
1229431568797663233
1228283401322418177
1229434254662217731
1228888885939363841
1229372482659840000
1229273660986462208
1229703611783012353
1225009652800221185
1227230504690143234
1229684907728871424
1229645095156076544
1227780330335166464
1226885281699241984
1227691291456212992
1229119151328894979
1228084765582118913
1227261840641495041
1227629321445093378
1229241603014848512
1229430796735438859
1227020721311887365
1229452010107232256
1228906143755403264
1229706067300507651
1225004834878656512
1228369045415702528
1228532187391070208
1228281445988233216
1229386666319630336
1229491015670738945
1219490744206934017
1229430917560619015
1229630178592272385
1225062382654738433
1201679053822054400
1229507010095407117
1227306329821384704
1228314853846044686
1229651144948862976
1229285452248748032
1228291105147379712
1229597461288804352
1229555566864818176
1229161608112410624
1229501620439916546
1132389235363909634
1228018071912296449
1229606659791761408
1223672693938999296
1229709541266214912
1229501834378776577
1227881822035402752
1223946968461766656
1229590805016436736
1229707873627721729
1228489298015653888
1229129220019769344
1228434858340282368
1227729811260329985
1228321529840037889
1229502062171426816
1229711184540008448
1229152749079662593
1222661466559537154
1228212595695316994
1229437391636660224
1227628637551284225
1228266431848026112
1229450435770994688
1224071255613231104
1229694653399797760
1228752146167930883
1229712626013237248
1229428308523257856
1229491470358503428
1228258679104909316
1229108558106484741
1224376496292343808
1227359338089586689
1228438194129113090
1228831215316295682
1229045485966708738
1220120301691793408
1229680739492466688
1228259768281829379
1220375342197530625
1229468654443618306
1229705097405353985
1228649719729012736
1229081156907302914
1229031152825978881
1229677518602428416
1224347857190313985
1229397781707550720
1225147360092680193
1229710131375394816
1225451009956147201
1229405715665539072
1229496649556414464
1229373327266836480
1222989033124638723
1225721083808165889
1225183483095670786
1228984651731083265
1229704879704166400
1218035243476643840
1226963137074749443
1229601794596032512
1221961085625876480
1229386868657135617
1226553983755571208
1228934816298483713
1225386967707185152
1229276545337872385
1229715821678612481
1223412788032430080
1229713821851213824
1229474201997692936
1229684747489533954
1224951505859440640
1210424514275954689
1227133271475015680
1227865293961277440
1228359110086799361
1227123964905803776
1229694758622244864
1229707358772834305
1229713172984221697
1229708233037795333
1229716336147779584
1229082783420764161
1229701974268022786
1229712892632629249
1227934840349052929
1229571230967136256
1227396904088109056
1224339399766433792
1229683039585873920
1227262884226289664
1229369110317977600
1228982352648470529
1223811955233824768
1229713438554746880
1225861088698392578
1229352973479772160
1229149357481627659
1229677473182420993
1229132156389249030
1229119145796608005
1229579994285760512
1229684279850000384
1228378371119177728
1229666023806316545
1229474952358879234
1227114900578680836
1229370670674563072
1228639853631492097
1229403589086523393
1228605136244789249
1228061497147961345
1228227825615822848
1229368663343497216
1229418419671519238
1227932958998376450
1228297084480167936
1229193994393051145
1222530569554276354
1222534903511834624
1228808641727410176
1228272675644002304
1228635063664795648
1228309904932384775
1228835980351692800
1229688215520436224
1226736314021625856
1228315897477156865
1228665084869627905
1219757183673389057
1229717358375137280
1229561025109716992
1229503628588855297
1229256458958557184
1229451593700999176
1229719043797504000
1229656217326243841
1228275378696982529
1226823834713645056
1228763440157798400
1228295583657578497
1229692030940368896
1229694698475917312
1227537701873889280
1229077120451796992
1229717946907258881
1228755889840119809
1125779736872067072
1229664095793745920
1229042764559667200
1229543899246534657
1229590344230154240
1227232896185962497
1226087507101655040
1229149845069365248
1215656565530861569
1223548406469156864
1229034979998363651
1227891538585411584
1229542922179301383
1229366145557368832
1228138327183785984
1229425534519525376
1229050458406346757
1229717058922766336
1229466934938423297
1229715653399019520
1229690467840692225
1229661826905968640
1229409995760029698
1220432679604301825
1213227989225201664
1229040645630824448
1205224175092133889
1226914119946772480
1225846436715270145
1227293893806391297
1228888581277671424
1225666099984752645
1229717198479839235
1219340300105199619
1229312419886964741
1095094564594073600
1227287008692719616
1228444879845351424
1229619739116347394
1229518885818335232
1227886279339020288
1228545429811281920
1229576717171339266
1229349069664866304
1229472185917542400
1218616585117630465
1227573297241522176
1228320014123569153
1220697411045117952
1229584727323107336
1229486883442495490
1229183427854794752
1229454786476544006
1229406540173434880
1229385641000980482
1229460328062177280
1227860601311047681
1228016043978711043
1229489859477344256
1229607335460507649
1227162340866420736
1199056664818700288
1229625162162724866
1207758816756011008
1228263771040342016
1227174624963780608
1227952923700875264
1228960602409852928
1225525267206156302
1229366753714565120
1202965261239955456
1203705898121801728
1215452406483320833
1228609727136821250
1229435346636693504
1228325646352502785
1229435335534350340
1223642170927845376
1203312079341572098
1229392574953205762
1220174311681667072
1229524851758686208
1228965490409771008
1225459247665815561
1229722225869119489
1225945134832873472
1229695829016842242
1227567357431816192
1229697205344391168
1229467652189495299
1221042657339723777
1229601432539729923
1229437954914947077
1229583614515351552
1216865244473110528
1227572801575346176
1229465849683234816
1224271258671403008
1219935241177051140
1229448589014859777
1229673466913153024
1228436000650731525
1229643091662893056
1229463733279318019
1229309863026511872
1227974341461188610
1229724046574718976
1229716678818222081
1221952925330739200
1229458475316543495
1216210579301388288
1227271176097083392
1229212827921059840
1226111956852953090
1228959399974035456
1228310440293257217
1221006005263192065
1226387027030994945
1229711207910629377
1229615885956022272
1226105797727354880
1229475049603846145
1229722423446163456
1229520835158925312
1224518387717562368
1229523847898181632
1228288341168271361
1224711475656298498
1229706310872162304
1228802911175499777
1224618821383835649
1229488800562339841
1229731356546150401
1215107316481052672
1227535155549503489
1228365986899755008
1229629621374570496
1229327098923376640
1229730369202610176
1228891820924391425
1229701161243967488
1227404892173676545
1229597188914892800
1229633001295761409
1229002716531318785
1229066169929388035
1229537275446472704
1229724912606220289
1229432506711257093
1228951604801478657
1227502795386834946
1229523627869134848
1229507382725824515
1229090082994491393
1229655423076069377
1227643054162685952
1229530424939954177
1225418459695271942
1229558612852236288
1227276977289056259
1216408139051995137
1229723014050320384
1217538426821660674
1229275658439843840
1228423573108211712
1229541459466084353
1229732286796460032
1229074502220468226
1228156630501511168
1228695590818779136
1229256222915756033
1229684526739267584
1228590684547928064
1229465438557540352
1220705843060056064
1229524770187816961
1229529213545439234
1229527987797794819
1228270312866840578
1227971432455507968
1229631495955861505
1229735223837020160
1220420955916378113
1229593211372331008
1220798465283723264
1215318557258657792
1226141726689169410
1229732188125421569
1229727464215085056
1229191889846333440
1229418426692562944
1226224439257378821
1225165225911111680
1229392686328827909
1229487474742829062
1228772624290979847
1229413750563692544
1224973591969705984
1219635525751058433
1229070909870346246
1228348224093802497
1229361382442852357
1228219450161168385
1229734487011012609
1227428374970294278
1227020323817652230
1229525065403895808
1228310917068120064
1226556970074877952
1227315298719739906
1226739345442275328
1228273958169874432
1227027849980280833
1229431190999842817
1229502265008033797
1229625159541252097
1229031342303842304
1228366072128118786
1229659428544221184
1229578719070691329
1229541460321751048
1229639301991993349
1228624035900272640
1227210719646699520
1229719905731301376
1229700899091730433
1229727610890072064
1221047736348184576
1229450442112765960
1229439420098473984
1229431212722122752
1226164120849985536
1228396656321794063
1229595728160284672
1229472009685544965
1228819935247372295
1227569740606033920
1229382477287841793
1229111017428463617
1223678524348825600
1228264464295829506
1228985712579465216
1224754492970688512
1227623398257283072
1229395611952336896
1226511410680782850
1227558199370362880
1229676382470508545
1229481078940938241
1229662725934141445
1229736842343268352
1228211861578895366
1229570217795174400
1229191394268504065
1227185802133823489
1229465598771507201
1227500112437362688
1226665761734823941
1227532620105424896
1228992296844029952
1224434885831446535
1228310329874010112
1227315140959358981
1225645051767734278
1229390443487617025
1229347718730076160
1229667131379216385
1228506028221849600
1229587248141815809
1227517929203220481
1229457111534505984
1229383563956477952
1229211364431978497
1225520439990071308
1229113992200773639
1229732489326931968
1229744088020344836
1229733563253260288
1229703295570046977
1220750713799790592
1228972297991663616
1228951136280948738
1227955381378351104
1229742627366420485
1228840900370894848
1229738898512728065
1229378736111439872
1226452596954669061
1229236528989143040
1225960307052273664
1228178883574321152
1227990338318557185
1229098810808229888
1224163059356311552
1213429871352803331
1228990068255330305
1229516691773607936
1229377079277387777
1229593593720922112
1229344947192651777
1228242474415480836
1227939312374702082
1228443374958661632
1229706463481880583
1229266355523702784
1228841693866266627
1229257628959686656
1224381575841927174
1229525525661614080
1229559560848859136
1229722714467962881
1227215825188409345
1229047092758269953
1229731699598094338
1229556032583520256
1224997641173508096
1229371879368142848
1229741753827237888
1216750533676945408
1227269690436681728
1226244135612567552
1228208828832833536
1225453404249444352
1228150811961651200
1223651855131201543
1226522299110572032
1218871177071849472
1227999103906390017
1229526703464165377
1228948508683538432
1229678576141787137
1226171650196090884
1225077791848312832
1224337299632246784
1229744422860009472
1196416365587914752
1229474818090831877
1229741860719034371
1225629194903670787
1229380438424076291
1229436772825915392
1229736708373086208
1229739228696694784
1229749560911724544
1229083633811628037
1228228138695421952
1221704789010022400
1223581739118759938
1229463317292421122
1228348176098217984
1229465408178049025
1227404205360635904
1227502769247883267
1228242776757821440
1225868272974868480
1229749434096861187
1229721956192153606
1229680861106315265
1229383399133130759
1229744187307970560
1225282447455084544
1229748163449409538
1229597809487360003
1225111418011357184
1228430733984792581
1229423011947843584
1229068874852765696
1227696003383545856
1229549891782881283
1228127163628630018
1224081901897445377
1229079601634304001
1223583083372240896
1229714890991915008
1228831355900850176
1226986216505122826
1228730707842756609
1229012550576201729
1225052120317157376
1227205008028000268
1222389381115154434
1219465771190849536
1229591754074140678
1229585805825445896
1229511085046353923
1229736136693538818
1229593652806258688
1229743673329369088
1229720103027200000
1229261912778649601
1229520799205191680
1229745742719463424
1229500452691218433
1225834648078553089
1229721619389534209
1223962722976571392
1228058905554624512
1220257391876419584
1229749102088466438
1224624117627834368
1229751022668509184
1229531188735488001
1229495575248297992
1229753415070146561
1229749315691659264
1229042806271959045
1229380582204854273
1228315719990960129
1229732123608854528
1228009697468284929
1229528414681468937
1229397555747926017
1209525141392244736
1170045066443808770
1229083378256957451
1219181987036061696
1226870713577091072
1227635813472706567
1229753501846265857
1229744817971875840
1229342853010251777
1229751940252221441
1227212191868190720
1229750461986721792
1225418872859303936
1229723732643463169
1221886710109425666
1222697279355834368
1229513808839921664
1229674570539569152
1228231149865992192
1229647229205524480
1227612922463031297
1227524393812799489
1228308777511858178
1229729391233531905
1229423654624223235
1228002375857770498
1227661278480609280
1225786748153860096
1229747135551287296
1229743070503194627
1229643763473113089
1228418247940329472
1226226948634009602
1229965084870545408
1229903667551096832
1226875788806557696
1229899487537192962
1229780740000354305
1229770722584748033
1229854711253213185
1229759806443065345
1229885940748967936
1229831618858233866
1229818740184879113
1229889004767600641
1229818403323596801
1229810577461129217
1229769754803654656
1228552517220356097
1229897230175236098
1229835448421376006
1229893438830567424
1229749219205844992
1221777365014966272
1226854687133118465
1229922938695979009
1229903420175183872
1227210355811577857
1229953914272931840
1229842311846252548
1229958794756550658
1220160767925936131
1229912518459609091
1229992328611287040
1229976569432674304
1229936314721529863
1229874723749797889
1229981792616083456
1229956536132231169
1229976358253498368
1227475401460637696
1229786138858049536
1229708806843699200
1229879147687796736
1228094167584301057
1229840846121578497
1229934406992719874
1215128030873415680
1228722748396130304
1229406301060583426
1229782728884785152
1229836453464748034
1013880412467335169
1229843024546451456
1224779219391086597
1229812999692673025
1229844306678222850
1229805347679932419
1229867628300247040
723415999454703617
1229798797439574017
1229871045110267904
1131590721268584448
1229729166117031936
1218247449615261696
1229841783611428870
1229812845174542336
1229800104070205440
1229774031576010753
1229835540314382343
1229813362411831299
1229478547716268033
1227614807710486534
1229808194995789826
1228045488244453377
1229846892042948610
1229911254187245568
1229765245062860802
1229809552842846208
1229773473725198336
1220615511840645120
1229745679720951808
1225754659375198214
1229919051733925888
1229770739420520448
1229957772059369473
1229978989235666944
1229952546103492608
1229816752093061126
1229804265578926082
1229927555492458496
1229916506932305921
1229951795629187072
1229832535745662977
1229817905539420160
1229946021553287170
1229941202172162051
1229756212926914562
1229942302212337666
1229990801859436545
1229981723410280448
1229809312958210049
1229945789646036992
1229830945059950598
1229960239014760449
1229923456160010240
1229935764617728001
1229961457376190465
1229975637957468163
1229934926050594817
1229891865786404864
1228343953721823238
1229989535074803712
1229977355004735488
1228788410778673153
1229868348994936838
1229978675744931840
1229790697504423938
1224819214885818376
1229812826509803520
1227714018611167232
1229811197672738816
1229950566186541056
1229942294708617217
1229826399575216129
1229843883221123072
1229842487595937792
1229903133343567874
1229796854809923587
1229824268139188224
1229833130615308289
1229807164769886209
1229856094966734852
1229820221235630080
1229902378167623681
1229236288928264194
1229842263993286656
1229911418490802178
1229832307999154176
1229873589668548608
1229956941671280641
1227517719827886080
1229801515013099520
1229820376928202754
1229856175459651584
1229870842072440839
1229819127767994368
1229846462378283008
1224860606374739968
1229805287634280450
1223261922952384514
1228351879840772097
1229817970882465793
1229805520707452928
1229936381419327488
1229858624199176193
1228344426306703363
1229868707435905025
1229788034092224516
1229874960623112193
1229814144074997761
1229895035149139968
1229808921516310529
1229352473057382400
1229757558841208833
1229914221577691136
1229963025978802176
1229915111369793537
1229903547115933698
1229814608539586561
1223710777275637761
1229967667148316672
1229904867688402944
1228617900564480002
1229878035572281345
1229935168703598593
1229969188501979137
1229764494219337731
1229807034914217989
1229940432127193088
1223042481643835395
1229971315886395392
1229852716463263744
1229782703421054978
1225055975012323328
1229875719133634561
1229772523815997441
1229467338048786439
1228350589517651969
1229814755830849537
1229780128735035397
1229883795362517003
1229975081352253440
1229806703878668288
1229761233206874113
1229981523576786947
1229894913124376577
1229842643145891840
1229966389487841282
1229920905805148160
1229880770799398912
1229889989732978689
1229846957549588482
1229964754179035137
1229868082937630721
1229772530723913728
1229731619264770048
1229856316861997057
1229790874344853506
1229711352962244611
1229731049862811649
1229850307754065928
1229987581980377088
1229811068463132682
1227614710482325506
1229955416358084608
1229895660218044418
1229821950588944385
1229879534826262533
1229820004306210822
1228429747429965825
1229776313378115585
1229798067609710599
1229770261270016000
1229830989049782273
1229801932677509120
1229758286020456448
1229794919881084928
1227988512328343552
1228138643207880705
1226548969968414721
1229760659967152129
1229975134590701569
1229798360330199047
1229867487405191180
1229888339890692096
1228699514522882051
1229885454100529152
1229789990470766598
1229843058662858752
1229807892053864453
1229815682805780483
1215100919236329473
1229933618664890370
1219768877984501760
1226882820460728320
1226887441463881728
1229758724337807360
1227262786310418435
1229769932847468545
1229828211749507072
1229846800317788160
1229790334986543104
1229782624685654025
1228494557664436226
1229936699112857603
1229861963716493314
1229789600241061889
1229994105058537472
1229941009817231360
1229962316898131968
1229809240283533314
1229314754579247104
1229816218716188673
1229766145009475584
1229887815527411713
1228484105161052160
1229811574866464768
1229823628264402944
1229807633164460032
1229670205632086019
1227416382809133059
1229827245855760384
1229587709762686977
1229864587291480065
1227115560196018177
1229189285640843264
1229780149156995073
1229822921633386496
1228064126011727872
1229955959222669312
1229803572042186752
1229793743202586625
1228776820989988865
1229913339448483840
1226986230065356801
1229926123359756288
1229996391058919424
1229788581377347591
1229847060972617728
1229034536857530374
1227264973774213120
1224841158104272896
1229042458299944962
1229992054190637057
1227669688215318528
1223720013598797825
1225081301784383489
1229466138129682434
1229782755925356544
1229888752077561856
1229895494517829633
1228723892627263490
1229994278530748418
1229785365776601088
1229486905521135616
1229870207176306688
1229994141993623554
1229770924477554695
1229979542065963010
1229929793035984896
1229757796897345537
1229930521540669441
1229965814956204032
1229842487264468992
1222254138345644037
1229962973420105729
1228031412105814026
1229818956707483649
1229848549120204804
1226311268358713344
1229871251138760704
1229990706887806977
1229805273331752960
1229891224062058499
1228116514861023232
1229824985302261760
1229474058829475840
1229832215401582592
1230000241945894912
1229996921537859584
1229802146561851399
1229911298797756417
1229792819507859456
1229848391946887168
1229828679175372801
1227663773768572928
1217645933174968322
1229954189553520641
1229941572893962240
1229982016776495104
1229822362746486787
1157504643670261760
1229929430874718209
1227027817931661312
1228544496649900032
1217596355692179456
1229927896128483328
1229985576985780225
1229707127532421121
1227634627784867845
1229705369448046593
1229739623171215361
1229899221089779713
1229054613636014080
1225203659274743808
1229442230185844737
1229911915608100865
1229801286889070593
1229694096123613184
1229954422442205184
1229813887207342087
1229797795340660742
1229481841754857473
1229758268085428225
1229907181866188800
1228363273764036608
1227898163698294784
1227751908456239105
1228092674269483010
1226885188325531649
1207748726783119368
1229900920223420416
1218695273435758594
1229789119716433920
1216077258055700480
1229873322168635397
1222429444750675968
1227992353056739330
1228785384265568262
1229923973858643968
1228779219007803398
1229948131934031872
1229809290384265222
1184840606205513730
1229692296456597504
1229824099880443904
1225902292022353920
1229707219932872706
1229965223701798913
1229720603487281153
1229986941019385856
1229962243304980481
1226840385273491459
1229828426615459840
915556024618246146
1229963924159770625
1229986526496460800
1229930815888470016
1229808006671585281
1229848848027279363
1230001619435229184
1229940037380460545
1229914893358256128
1229722720625156096
1225101780784238595
1229853490371026945
1229771770602848256
1228446390331805713
1229840106724286464
1225181802064678912
1229526980791611392
1229825552837726208
1225527685457293322
1228596418585251840
1228174845550088193
1229801335597473794
1229961495523536898
1229857307229671424
1219001425113636865
1230007664614133760
1229555597357518853
1229809399704637445
1229780869067526144
1226557672201191425
1228962065844494336
1229792784388960256
1227984790814679040
1194125210527494144
1229926524909948937
1229877499447869440
1229139653736980486
1229966694711349254
1229996375699406848
1229998938721116161
1215199717459623936
1229905503117094912
1228958505605967872
1217884612766007297
1208039353026404355
1229827152402452480
1229822446250774528
1229828149577383941
1228752422694260747
1229577871569625088
1229758218697502721
1229813380791390215
1229857037821063168
1229740275465170945
1229816604793475074
1229804781222408192
1225927599752384515
1229898801391054849
1229028971523624960
1227192891262373889
1229987361758621701
1229994381010030597
1229936696562573312
1228448398841270272
1228308409067409408
1227543367996919811
1230008787894853633
1229756603819274241
1229891383940481025
1229874720943886337
1229798138103390215
1229933824898949120
1229910996137005056
1191142332629782528
1229839975123951617
1229830431790575619
1205379330081058816
1229898826951073792
1229632328810496003
1229959891537846272
1227541154851426305
1226912376311681024
1227841918177988608
1226779227690799104
1227900472415010816
1226856158347984897
1229853867292135424
1229889824754003968
1215190589039243264
1229827222640439296
1190805559689256961
1228877175719260167
1229664005268135937
1230003150586671108
1229927811181404167
1229106864887037955
1229956659231043589
1227803010295746562
1229957741428404225
1229030141575061504
1229838731168772096
1227746256052637697
1229764813380866053
1225928328319787008
1229757752479830017
1229868299468595201
1229473331067441152
1202922139071979527
1224272340080582657
1229942287678853120
1230010026045169664
1218185194227802113
1230010991322259456
1229798299332415490
1229909840580968449
1227957861155770368
1229997891965607937
1229824497689284608
1229779143937495041
1229768692923277312
1230009115742810112
1229843583982882816
1209159919758266373
1229792676792369152
1115051793669656576
1227884298952413184
1229814169454698502
1229818813094469632
1227019720651571200
1223069152279052288
1227331327051124738
1222719236709195776
1229979814758514694
1229954136180957190
1229769865126457351
1230005782072250374
1215121831780220928
1229750259720474624
1229867486847340544
1229869902925893632
1229768167888543746
1229925745230798850
1228397614300835841
1229593806913228800
1230002422384189445
1228259866684248064
1229981121812684801
1229894002448719873
1229048935261638656
1229966917395369984
1229954439458557952
1229792123869728770
1228779969662205952
